Zeit (s) Messreihe #5	Spannung, Ch A (V) Messreihe #5	Spannung, Ch B (V) Messreihe #5
0,000	-9,821E-4	6,754
0,050	-0,002	6,754
0,100	-7,281E-4	6,754
0,150	-0,002	6,754
0,200	-0,001	6,754
0,250	-0,002	6,754
0,300	-8,331E-4	6,754
0,350	-0,002	6,754
0,400	-6,989E-4	6,754
0,450	-0,002	6,754
0,500	-0,001	6,754
0,550	-0,002	6,755
0,600	-0,001	6,754
0,650	-0,002	6,754
0,700	-0,001	6,754
0,750	-0,002	6,754
0,800	-0,001	6,754
0,850	-0,002	6,754
0,900	-0,001	6,754
0,950	-0,002	6,754
1,000	-0,001	6,754
1,050	-0,002	6,754
1,100	-0,001	6,754
1,150	-0,002	6,754
1,200	-0,001	6,754
1,250	-0,002	6,754
1,300	-0,001	6,754
1,350	-0,002	6,754
1,400	-0,001	6,754
1,450	-0,002	6,754
1,500	-0,001	6,754
1,550	-0,002	6,754
1,600	-0,001	6,754
1,650	-0,002	6,754
1,700	-0,001	6,754
1,750	-0,002	6,754
1,800	-0,002	6,754
1,850	-0,002	6,754
1,900	-0,002	6,754
1,950	-0,002	6,754
2,000	-0,002	6,754
2,050	-0,002	6,754
2,100	-0,002	6,754
2,150	-0,002	6,754
2,200	-0,002	6,754
2,250	-0,002	6,754
2,300	-0,001	6,754
2,350	-0,002	6,754
2,400	-0,002	6,754
2,450	-0,002	6,754
2,500	-0,002	6,754
2,550	-0,002	6,754
2,600	-0,002	6,754
2,650	-0,002	6,754
2,700	-0,002	6,754
2,750	-0,002	6,754
2,800	-0,001	6,754
2,850	-0,002	6,754
2,900	-0,002	6,754
2,950	-0,002	6,754
3,000	-0,002	6,754
3,050	-0,002	6,754
3,100	-0,002	6,754
3,150	-0,002	6,754
3,200	-0,002	6,755
3,250	-0,002	6,754
3,300	-0,002	6,755
3,350	-0,003	6,754
3,400	-0,002	6,754
3,450	-0,002	6,754
3,500	-0,002	6,754
3,550	-0,003	6,754
3,600	-0,002	6,755
3,650	-0,003	6,754
3,700	-0,002	6,755
3,750	-0,002	6,753
3,800	-0,002	6,746
3,850	-0,002	6,734
3,900	-0,002	6,711
3,950	-0,002	6,695
4,000	-0,002	6,676
4,050	-0,003	6,660
4,100	-0,002	6,631
4,150	-0,003	6,606
4,200	-0,002	6,591
4,250	-0,003	6,571
4,300	-0,002	6,563
4,350	-0,003	6,554
4,400	-0,002	6,535
4,450	-0,003	6,512
4,500	-0,003	6,498
4,550	-0,003	6,489
4,600	-0,003	6,479
4,650	-0,003	6,470
4,700	-0,002	6,444
4,750	-0,003	6,413
4,800	-0,003	6,393
4,850	-0,003	6,377
4,900	-0,003	6,364
4,950	-0,003	6,355
5,000	-0,003	6,336
5,050	-0,003	6,317
5,100	-0,003	6,311
5,150	-0,003	6,310
5,200	-0,003	6,310
5,250	-0,003	6,309
5,300	-0,003	6,309
5,350	-0,003	6,310
5,400	-0,003	6,316
5,450	-0,003	6,329
5,500	-0,003	6,327
5,550	-0,003	6,312
5,600	-0,003	6,294
5,650	-0,004	6,252
5,700	-0,004	6,201
5,750	-0,003	6,176
5,800	-0,003	6,158
5,850	-0,004	6,124
5,900	-0,003	6,097
5,950	-0,004	6,072
6,000	-0,004	6,047
6,050	-0,004	6,029
6,100	-0,004	5,999
6,150	-0,004	5,972
6,200	-0,004	5,950
6,250	-0,004	5,939
6,300	-0,004	5,924
6,350	-0,004	5,908
6,400	-0,004	5,884
6,450	-0,004	5,860
6,500	-0,004	5,842
6,550	-0,004	5,830
6,600	-0,004	5,816
6,650	-0,004	5,807
6,700	-0,004	5,807
6,750	-0,004	5,807
6,800	-0,004	5,808
6,850	-0,004	5,807
6,900	-0,004	5,809
6,950	-0,004	5,812
7,000	-0,004	5,810
7,050	-0,004	5,792
7,100	-0,004	5,733
7,150	-0,004	5,668
7,200	-0,005	5,625
7,250	-0,004	5,593
7,300	-0,004	5,564
7,350	-0,004	5,536
7,400	-0,004	5,505
7,450	-0,005	5,470
7,500	-0,005	5,442
7,550	-0,005	5,415
7,600	-0,005	5,391
7,650	-0,005	5,361
7,700	-0,005	5,334
7,750	-0,005	5,303
7,800	-0,005	5,280
7,850	-0,005	5,260
7,900	-0,005	5,234
7,950	-0,005	5,208
8,000	-0,005	5,178
8,050	-0,005	5,148
8,100	-0,005	5,139
8,150	-0,005	5,138
8,200	-0,005	5,139
8,250	-0,005	5,139
8,300	-0,005	5,139
8,350	-0,005	5,138
8,400	-0,005	5,139
8,450	-0,005	5,139
8,500	-0,005	5,122
8,550	-0,005	5,088
8,600	-0,006	5,041
8,650	-0,005	5,019
8,700	-0,006	5,002
8,750	-0,005	4,978
8,800	-0,006	4,947
8,850	-0,005	4,922
8,900	-0,006	4,906
8,950	-0,005	4,899
9,000	-0,006	4,891
9,050	-0,006	4,870
9,100	-0,006	4,825
9,150	-0,006	4,791
9,200	-0,006	4,766
9,250	-0,005	4,751
9,300	-0,006	4,747
9,350	-0,006	4,737
9,400	-0,006	4,719
9,450	-0,006	4,685
9,500	-0,006	4,661
9,550	-0,006	4,632
9,600	-0,007	4,611
9,650	-0,006	4,591
9,700	-0,007	4,583
9,750	-0,006	4,571
9,800	-0,006	4,552
9,850	-0,006	4,535
9,900	-0,007	4,518
9,950	-0,006	4,499
10,000	-0,007	4,475
10,050	-0,006	4,448
10,100	-0,007	4,429
10,150	-0,006	4,416
10,200	-0,007	4,396
10,250	-0,006	4,374
10,300	-0,007	4,350
10,350	-0,006	4,329
10,400	-0,007	4,306
10,450	-0,006	4,290
10,500	-0,007	4,277
10,550	-0,006	4,275
10,600	-0,007	4,275
10,650	-0,006	4,276
10,700	-0,007	4,277
10,750	-0,006	4,280
10,800	-0,007	4,284
10,850	-0,006	4,282
10,900	-0,008	4,273
10,950	-0,007	4,232
11,000	-0,008	4,190
11,050	-0,007	4,178
11,100	-0,007	4,149
11,150	-0,007	4,137
11,200	-0,007	4,124
11,250	-0,007	4,099
11,300	-0,008	4,060
11,350	-0,007	4,022
11,400	-0,008	3,990
11,450	-0,007	3,960
11,500	-0,008	3,927
11,550	-0,007	3,877
11,600	-0,008	3,834
11,650	-0,007	3,768
11,700	-0,008	3,720
11,750	-0,008	3,675
11,800	-0,008	3,651
11,850	-0,007	3,634
11,900	-0,008	3,612
11,950	-0,008	3,593
12,000	-0,009	3,567
12,050	-0,008	3,547
12,100	-0,009	3,530
12,150	-0,008	3,518
12,200	-0,009	3,502
12,250	-0,008	3,488
12,300	-0,009	3,473
12,350	-0,008	3,463
12,400	-0,009	3,460
12,450	-0,008	3,461
12,500	-0,009	3,460
12,550	-0,008	3,460
12,600	-0,009	3,461
12,650	-0,008	3,460
12,700	-0,009	3,461
12,750	-0,008	3,460
12,800	-0,009	3,452
12,850	-0,008	3,405
12,900	-0,009	3,327
12,950	-0,008	3,281
13,000	-0,010	3,222
13,050	-0,008	3,197
13,100	-0,009	3,168
13,150	-0,008	3,134
13,200	-0,009	3,115
13,250	-0,009	3,070
13,300	-0,009	3,036
13,350	-0,009	2,980
13,400	-0,009	2,946
13,450	-0,009	2,907
13,500	-0,010	2,893
13,550	-0,009	2,875
13,600	-0,010	2,858
13,650	-0,009	2,834
13,700	-0,010	2,794
13,750	-0,009	2,759
13,800	-0,010	2,732
13,850	-0,009	2,705
13,900	-0,010	2,672
13,950	-0,009	2,640
14,000	-0,010	2,608
14,050	-0,010	2,597
14,100	-0,010	2,597
14,150	-0,009	2,597
14,200	-0,011	2,597
14,250	-0,009	2,597
14,300	-0,011	2,597
14,350	-0,010	2,597
14,400	-0,011	2,597
14,450	-0,009	2,594
14,500	-0,011	2,537
14,550	-0,010	2,471
14,600	-0,011	2,411
14,650	-0,010	2,378
14,700	-0,011	2,343
14,750	-0,010	2,287
14,800	-0,011	2,254
14,850	-0,010	2,194
14,900	-0,011	2,165
14,950	-0,010	2,131
15,000	-0,011	2,100
15,050	-0,010	2,092
15,100	-0,011	2,066
15,150	-0,010	2,030
15,200	-0,012	2,018
15,250	-0,011	1,983
15,300	-0,012	1,955
15,350	-0,011	1,921
15,400	-0,012	1,895
15,450	-0,010	1,872
15,500	-0,012	1,850
15,550	-0,010	1,828
15,600	-0,012	1,807
15,650	-0,011	1,789
15,700	-0,012	1,789
15,750	-0,011	1,789
15,800	-0,012	1,789
15,850	-0,011	1,789
15,900	-0,012	1,789
15,950	-0,011	1,789
16,000	-0,012	1,788
16,050	-0,011	1,788
16,100	-0,012	1,770
16,150	-0,011	1,750
16,200	-0,012	1,715
16,250	-0,011	1,700
16,300	-0,012	1,687
16,350	-0,011	1,650
16,400	-0,012	1,624
16,450	-0,011	1,571
16,500	-0,012	1,536
16,550	-0,011	1,489
16,600	-0,013	1,460
16,650	-0,011	1,424
16,700	-0,013	1,403
16,750	-0,011	1,384
16,800	-0,013	1,356
16,850	-0,012	1,338
16,900	-0,013	1,309
16,950	-0,012	1,262
17,000	-0,013	1,223
17,050	-0,012	1,178
17,100	-0,013	1,139
17,150	-0,012	1,106
17,200	-0,013	1,069
17,250	-0,012	1,036
17,300	-0,014	0,986
17,350	-0,012	0,945
17,400	-0,014	0,933
17,450	-0,012	0,933
17,500	-0,013	0,932
17,550	-0,013	0,932
17,600	-0,014	0,932
17,650	-0,012	0,932
17,700	-0,014	0,932
17,750	-0,012	0,928
17,800	-0,013	0,892
17,850	-0,012	0,851
17,900	-0,014	0,826
17,950	-0,013	0,810
18,000	-0,014	0,785
18,050	-0,013	0,740
18,100	-0,014	0,705
18,150	-0,013	0,619
18,200	-0,014	0,569
18,250	-0,013	0,518
18,300	-0,014	0,469
18,350	-0,013	0,431
18,400	-0,015	0,393
18,450	-0,013	0,383
18,500	-0,014	0,367
18,550	-0,013	0,351
18,600	-0,014	0,314
18,650	-0,014	0,269
18,700	-0,015	0,233
18,750	-0,014	0,201
18,800	-0,015	0,164
18,850	-0,014	0,133
18,900	-0,015	0,110
18,950	-0,014	0,096
19,000	-0,015	0,087
19,050	-0,014	0,075
19,100	-0,015	0,061
19,150	-0,014	0,060
19,200	-0,015	0,059
19,250	-0,014	0,059
19,300	-0,015	0,060
19,350	-0,014	0,046
19,400	-0,015	0,009
19,450	-0,014	0,005
19,500	-0,015	0,002
19,550	-0,014	-0,001
19,600	-0,015	-0,001
19,650	-0,014	-0,001
19,700	-0,015	-1,431E-4
19,750	-0,014	2,976E-4
19,800	-0,015	2,402E-4
19,850	-0,014	6,689E-5
19,900	-0,015	1,060E-4
19,950	-0,014	1,780E-4
20,000	-0,015	3,271E-5
20,050	-0,014	2,427E-4
20,100	-0,015	5,469E-5
20,150	-0,014	5,820E-4
20,200	-0,015	-8,936E-5
20,250	-0,014	4,966E-4
20,300	-0,015	2,634E-4
20,350	-0,014	4,514E-4
20,400	-0,015	-3,320E-5
20,450	-0,014	1,304E-4
20,500	-0,015	1,169E-4
20,550	-0,014	0,001
20,600	-0,015	0,001
20,650	-0,014	0,001
20,700	-0,015	0,002
20,750	-0,014	0,002
20,800	-0,015	0,002
20,850	-0,014	0,002
20,900	-0,015	0,002
20,950	-0,015	0,001
21,000	-0,015	0,001
21,050	-0,014	0,002
21,100	-0,015	0,001
21,150	-0,014	0,002
21,200	-0,015	0,001
21,250	-0,014	0,002
21,300	-0,015	0,002
21,350	-0,014	0,002
21,400	-0,015	0,002
21,450	-0,014	0,001
21,500	-0,015	-5,935E-4
21,550	-0,014	-8,914E-4
21,600	-0,015	-0,016
21,650	-0,014	-0,038
21,700	-0,016	-0,089
21,750	-0,015	-0,163
21,800	-0,016	-0,195
21,850	-0,015	-0,198
21,900	-0,015	-0,197
21,950	-0,015	-0,197
22,000	-0,015	-0,196
22,050	-0,015	-0,195
22,100	-0,016	-0,195
22,150	-0,015	-0,195
22,200	-0,015	-0,195
22,250	-0,015	-0,196
22,300	-0,016	-0,198
22,350	-0,015	-0,206
22,400	-0,016	-0,212
22,450	-0,015	-0,217
22,500	-0,016	-0,229
22,550	-0,015	-0,249
22,600	-0,016	-0,257
22,650	-0,015	-0,265
22,700	-0,016	-0,273
22,750	-0,015	-0,282
22,800	-0,016	-0,298
22,850	-0,015	-0,301
22,900	-0,016	-0,307
22,950	-0,015	-0,325
23,000	-0,016	-0,346
23,050	-0,015	-0,352
23,100	-0,016	-0,362
23,150	-0,015	-0,390
23,200	-0,016	-0,402
23,250	-0,015	-0,407
23,300	-0,016	-0,442
23,350	-0,016	-0,457
23,400	-0,016	-0,466
23,450	-0,016	-0,482
23,500	-0,016	-0,489
23,550	-0,016	-0,502
23,600	-0,017	-0,521
23,650	-0,016	-0,537
23,700	-0,017	-0,548
23,750	-0,016	-0,561
23,800	-0,017	-0,584
23,850	-0,016	-0,599
23,900	-0,017	-0,605
23,950	-0,016	-0,616
24,000	-0,016	-0,633
24,050	-0,016	-0,642
24,100	-0,017	-0,666
24,150	-0,016	-0,688
24,200	-0,016	-0,704
24,250	-0,016	-0,721
24,300	-0,017	-0,730
24,350	-0,016	-0,732
24,400	-0,017	-0,737
24,450	-0,017	-0,749
24,500	-0,017	-0,762
24,550	-0,016	-0,786
24,600	-0,017	-0,807
24,650	-0,016	-0,816
24,700	-0,017	-0,833
24,750	-0,016	-0,846
24,800	-0,017	-0,854
24,850	-0,017	-0,864
24,900	-0,017	-0,868
24,950	-0,017	-0,868
25,000	-0,017	-0,874
25,050	-0,016	-0,886
25,100	-0,017	-0,902
25,150	-0,017	-0,936
25,200	-0,017	-0,946
25,250	-0,017	-0,949
25,300	-0,017	-0,998
25,350	-0,017	-1,026
25,400	-0,017	-1,072
25,450	-0,017	-1,126
25,500	-0,017	-1,152
25,550	-0,017	-1,165
25,600	-0,017	-1,183
25,650	-0,017	-1,216
25,700	-0,018	-1,253
25,750	-0,017	-1,273
25,800	-0,018	-1,278
25,850	-0,017	-1,293
25,900	-0,018	-1,310
25,950	-0,017	-1,328
26,000	-0,018	-1,338
26,050	-0,017	-1,367
26,100	-0,018	-1,378
26,150	-0,018	-1,388
26,200	-0,018	-1,381
26,250	-0,018	-1,376
26,300	-0,018	-1,376
26,350	-0,018	-1,376
26,400	-0,018	-1,375
26,450	-0,017	-1,372
26,500	-0,018	-1,428
26,550	-0,018	-1,483
26,600	-0,018	-1,550
26,650	-0,018	-1,617
26,700	-0,018	-1,650
26,750	-0,018	-1,667
26,800	-0,018	-1,688
26,850	-0,018	-1,706
26,900	-0,019	-1,713
26,950	-0,018	-1,743
27,000	-0,018	-1,769
27,050	-0,018	-1,793
27,100	-0,019	-1,812
27,150	-0,018	-1,816
27,200	-0,019	-1,841
27,250	-0,019	-1,891
27,300	-0,018	-1,938
27,350	-0,018	-1,992
27,400	-0,019	-2,034
27,450	-0,019	-2,060
27,500	-0,019	-2,090
27,550	-0,019	-2,118
27,600	-0,019	-2,157
27,650	-0,019	-2,188
27,700	-0,019	-2,211
27,750	-0,019	-2,231
27,800	-0,019	-2,248
27,850	-0,019	-2,268
27,900	-0,019	-2,287
27,950	-0,019	-2,305
28,000	-0,019	-2,309
28,050	-0,019	-2,308
28,100	-0,019	-2,308
28,150	-0,019	-2,309
28,200	-0,019	-2,309
28,250	-0,019	-2,309
28,300	-0,019	-2,309
28,350	-0,019	-2,309
28,400	-0,019	-2,349
28,450	-0,019	-2,434
28,500	-0,019	-2,496
28,550	-0,020	-2,523
28,600	-0,019	-2,535
28,650	-0,020	-2,581
28,700	-0,020	-2,620
28,750	-0,020	-2,655
28,800	-0,020	-2,721
28,850	-0,020	-2,763
28,900	-0,020	-2,808
28,950	-0,020	-2,855
29,000	-0,020	-2,905
29,050	-0,020	-2,963
29,100	-0,021	-3,041
29,150	-0,021	-3,069
29,200	-0,020	-3,088
29,250	-0,021	-3,119
29,300	-0,021	-3,144
29,350	-0,021	-3,179
29,400	-0,021	-3,220
29,450	-0,021	-3,252
29,500	-0,021	-3,286
29,550	-0,021	-3,307
29,600	-0,021	-3,324
29,650	-0,021	-3,334
29,700	-0,021	-3,354
29,750	-0,021	-3,380
29,800	-0,021	-3,398
29,850	-0,021	-3,420
29,900	-0,021	-3,425
29,950	-0,021	-3,448
30,000	-0,021	-3,452
30,050	-0,021	-3,449
30,100	-0,021	-3,448
30,150	-0,021	-3,447
30,200	-0,021	-3,447
30,250	-0,021	-3,448
30,300	-0,021	-3,447
30,350	-0,021	-3,468
30,400	-0,021	-3,555
30,450	-0,022	-3,603
30,500	-0,021	-3,611
30,550	-0,022	-3,646
30,600	-0,022	-3,685
30,650	-0,022	-3,719
30,700	-0,021	-3,753
30,750	-0,022	-3,792
30,800	-0,022	-3,814
30,850	-0,022	-3,833
30,900	-0,022	-3,857
30,950	-0,022	-3,889
31,000	-0,022	-3,937
31,050	-0,022	-3,961
31,100	-0,022	-3,984
31,150	-0,022	-4,013
31,200	-0,022	-4,044
31,250	-0,022	-4,088
31,300	-0,022	-4,128
31,350	-0,022	-4,153
31,400	-0,022	-4,188
31,450	-0,023	-4,204
31,500	-0,023	-4,212
31,550	-0,023	-4,208
31,600	-0,023	-4,220
31,650	-0,023	-4,244
31,700	-0,022	-4,245
31,750	-0,023	-4,245
31,800	-0,022	-4,245
31,850	-0,023	-4,245
31,900	-0,023	-4,245
31,950	-0,023	-4,245
32,000	-0,022	-4,263
32,050	-0,023	-4,321
32,100	-0,023	-4,385
32,150	-0,023	-4,453
32,200	-0,023	-4,489
32,250	-0,024	-4,532
32,300	-0,023	-4,599
32,350	-0,024	-4,659
32,400	-0,023	-4,735
32,450	-0,024	-4,775
32,500	-0,023	-4,785
32,550	-0,024	-4,798
32,600	-0,024	-4,821
32,650	-0,024	-4,845
32,700	-0,023	-4,888
32,750	-0,024	-4,936
32,800	-0,024	-4,973
32,850	-0,024	-5,023
32,900	-0,024	-5,058
32,950	-0,025	-5,082
33,000	-0,024	-5,087
33,050	-0,024	-5,087
33,100	-0,024	-5,087
33,150	-0,024	-5,086
33,200	-0,024	-5,087
33,250	-0,024	-5,087
33,300	-0,024	-5,087
33,350	-0,024	-5,086
33,400	-0,024	-5,087
33,450	-0,024	-5,086
33,500	-0,024	-5,087
33,550	-0,025	-5,106
33,600	-0,024	-5,186
33,650	-0,025	-5,250
33,700	-0,024	-5,291
33,750	-0,025	-5,338
33,800	-0,024	-5,385
33,850	-0,025	-5,438
33,900	-0,024	-5,501
33,950	-0,025	-5,545
34,000	-0,024	-5,562
34,050	-0,025	-5,581
34,100	-0,025	-5,599
34,150	-0,025	-5,635
34,200	-0,024	-5,691
34,250	-0,025	-5,690
34,300	-0,025	-5,739
34,350	-0,026	-5,790
34,400	-0,025	-5,836
34,450	-0,026	-5,909
34,500	-0,025	-5,961
34,550	-0,026	-5,980
34,600	-0,025	-6,009
34,650	-0,026	-6,050
34,700	-0,025	-6,081
34,750	-0,026	-6,110
34,800	-0,025	-6,160
34,850	-0,026	-6,208
34,900	-0,025	-6,237
34,950	-0,027	-6,279
35,000	-0,026	-6,321
35,050	-0,027	-6,370
35,100	-0,026	-6,428
35,150	-0,027	-6,467
35,200	-0,026	-6,481
35,250	-0,027	-6,485
35,300	-0,026	-6,485
35,350	-0,027	-6,492
35,400	-0,026	-6,503
35,450	-0,027	-6,506
35,500	-0,026	-6,506
35,550	-0,027	-6,505
35,600	-0,026	-6,506
35,650	-0,027	-6,510
35,700	-0,026	-6,511
35,750	-0,027	-6,511
35,800	-0,026	-6,562
35,850	-0,027	-6,634
35,900	-0,026	-6,689
35,950	-0,027	-6,719
36,000	-0,026	-6,732
36,050	-0,027	-6,739
36,100	-0,026	-6,742
36,150	-0,027	-6,744
36,200	-0,027	-6,745
36,250	-0,027	-6,746
36,300	-0,027	-6,746
36,350	-0,027	-6,747
36,400	-0,027	-6,747
36,450	-0,027	-6,747
36,500	-0,027	-6,747
36,550	-0,027	-6,747
36,600	-0,027	-6,747
36,650	-0,028	-6,747
36,700	-0,027	-6,747
36,750	-0,027	-6,748
36,800	-0,027	-6,747
36,850	-0,028	-6,748
36,900	-0,026	-6,747
36,950	-0,028	-6,748
37,000	-0,026	-6,747
37,050	-0,028	-6,748
37,100	-0,027	-6,748
37,150	-0,027	-6,748
37,200	-0,027	-6,748
37,250	-0,028	-6,748
37,300	-0,026	-6,748
37,350	-0,027	-6,748
37,400	-0,026	-6,748
37,450	-0,028	-6,749
37,500	-0,027	-6,748
37,550	-0,027	-6,748
37,600	-0,027	-6,748
37,650	-0,028	-6,749
37,700	-0,027	-6,748
37,750	-0,028	-6,749
37,800	-0,027	-6,748
37,850	-0,028	-6,749
37,900	-0,027	-6,748
37,950	-0,028	-6,749
38,000	-0,027	-6,748
38,050	-0,028	-6,747
38,100	-0,027	-6,667
38,150	-0,028	-6,566
38,200	-0,026	-6,506
38,250	-0,027	-6,497
38,300	-0,026	-6,497
38,350	-0,027	-6,497
38,400	-0,026	-6,498
38,450	-0,028	-6,498
38,500	-0,026	-6,498
38,550	-0,027	-6,498
38,600	-0,026	-6,472
38,650	-0,027	-6,393
38,700	-0,026	-6,310
38,750	-0,027	-6,266
38,800	-0,026	-6,216
38,850	-0,027	-6,163
38,900	-0,026	-6,124
38,950	-0,027	-6,080
39,000	-0,026	-6,045
39,050	-0,027	-6,014
39,100	-0,026	-5,991
39,150	-0,027	-5,963
39,200	-0,026	-5,914
39,250	-0,027	-5,854
39,300	-0,026	-5,790
39,350	-0,027	-5,732
39,400	-0,025	-5,676
39,450	-0,026	-5,635
39,500	-0,025	-5,602
39,550	-0,027	-5,598
39,600	-0,025	-5,598
39,650	-0,026	-5,598
39,700	-0,025	-5,598
39,750	-0,026	-5,598
39,800	-0,025	-5,598
39,850	-0,027	-5,578
39,900	-0,025	-5,537
39,950	-0,026	-5,503
40,000	-0,025	-5,463
40,050	-0,026	-5,430
40,100	-0,025	-5,361
40,150	-0,026	-5,325
40,200	-0,025	-5,256
40,250	-0,026	-5,193
40,300	-0,025	-5,156
40,350	-0,026	-5,121
40,400	-0,025	-5,102
40,450	-0,026	-5,086
40,500	-0,025	-5,056
40,550	-0,026	-5,015
40,600	-0,024	-4,988
40,650	-0,026	-4,952
40,700	-0,025	-4,926
40,750	-0,026	-4,901
40,800	-0,024	-4,886
40,850	-0,026	-4,847
40,900	-0,025	-4,812
40,950	-0,026	-4,779
41,000	-0,024	-4,750
41,050	-0,026	-4,710
41,100	-0,024	-4,672
41,150	-0,026	-4,626
41,200	-0,024	-4,584
41,250	-0,025	-4,532
41,300	-0,024	-4,492
41,350	-0,025	-4,451
41,400	-0,024	-4,422
41,450	-0,025	-4,399
41,500	-0,024	-4,378
41,550	-0,025	-4,350
41,600	-0,024	-4,335
41,650	-0,025	-4,320
41,700	-0,024	-4,289
41,750	-0,025	-4,275
41,800	-0,024	-4,248
41,850	-0,025	-4,213
41,900	-0,024	-4,184
41,950	-0,025	-4,153
42,000	-0,024	-4,127
42,050	-0,025	-4,097
42,100	-0,024	-4,073
42,150	-0,025	-4,068
42,200	-0,024	-4,068
42,250	-0,025	-4,068
42,300	-0,024	-4,068
42,350	-0,025	-4,069
42,400	-0,024	-4,071
42,450	-0,025	-4,071
42,500	-0,024	-4,070
42,550	-0,025	-4,029
42,600	-0,024	-3,974
42,650	-0,025	-3,905
42,700	-0,024	-3,836
42,750	-0,024	-3,804
42,800	-0,023	-3,746
42,850	-0,025	-3,700
42,900	-0,023	-3,659
42,950	-0,024	-3,618
43,000	-0,023	-3,590
43,050	-0,024	-3,546
43,100	-0,023	-3,505
43,150	-0,024	-3,458
43,200	-0,023	-3,410
43,250	-0,024	-3,361
43,300	-0,023	-3,331
43,350	-0,024	-3,301
43,400	-0,023	-3,276
43,450	-0,024	-3,249
43,500	-0,022	-3,213
43,550	-0,024	-3,176
43,600	-0,022	-3,145
43,650	-0,024	-3,109
43,700	-0,022	-3,077
43,750	-0,024	-3,045
43,800	-0,022	-2,998
43,850	-0,023	-2,955
43,900	-0,023	-2,916
43,950	-0,024	-2,891
44,000	-0,022	-2,889
44,050	-0,023	-2,887
44,100	-0,022	-2,887
44,150	-0,024	-2,886
44,200	-0,022	-2,886
44,250	-0,024	-2,886
44,300	-0,023	-2,886
44,350	-0,024	-2,856
44,400	-0,022	-2,765
44,450	-0,023	-2,712
44,500	-0,022	-2,667
44,550	-0,023	-2,630
44,600	-0,022	-2,614
44,650	-0,023	-2,574
44,700	-0,022	-2,528
44,750	-0,023	-2,454
44,800	-0,022	-2,420
44,850	-0,023	-2,356
44,900	-0,022	-2,327
44,950	-0,023	-2,273
45,000	-0,022	-2,227
45,050	-0,023	-2,183
45,100	-0,021	-2,124
45,150	-0,023	-2,073
45,200	-0,021	-2,035
45,250	-0,023	-2,006
45,300	-0,021	-1,995
45,350	-0,023	-1,973
45,400	-0,021	-1,952
45,450	-0,023	-1,923
45,500	-0,021	-1,896
45,550	-0,022	-1,869
45,600	-0,021	-1,843
45,650	-0,023	-1,820
45,700	-0,021	-1,793
45,750	-0,022	-1,763
45,800	-0,021	-1,760
45,850	-0,023	-1,761
45,900	-0,021	-1,760
45,950	-0,022	-1,760
46,000	-0,021	-1,760
46,050	-0,023	-1,761
46,100	-0,022	-1,761
46,150	-0,022	-1,760
46,200	-0,021	-1,710
46,250	-0,022	-1,671
46,300	-0,022	-1,625
46,350	-0,022	-1,615
46,400	-0,021	-1,611
46,450	-0,023	-1,586
46,500	-0,021	-1,547
46,550	-0,022	-1,491
46,600	-0,021	-1,446
46,650	-0,022	-1,402
46,700	-0,021	-1,364
46,750	-0,022	-1,340
46,800	-0,021	-1,313
46,850	-0,022	-1,287
46,900	-0,021	-1,240
46,950	-0,021	-1,197
47,000	-0,021	-1,162
47,050	-0,021	-1,105
47,100	-0,020	-1,037
47,150	-0,021	-0,980
47,200	-0,020	-0,906
47,250	-0,021	-0,866
47,300	-0,020	-0,818
47,350	-0,021	-0,780
47,400	-0,020	-0,777
47,450	-0,021	-0,776
47,500	-0,020	-0,765
47,550	-0,021	-0,745
47,600	-0,020	-0,698
47,650	-0,021	-0,631
47,700	-0,020	-0,583
47,750	-0,021	-0,539
47,800	-0,020	-0,503
47,850	-0,021	-0,479
47,900	-0,020	-0,464
47,950	-0,021	-0,457
48,000	-0,020	-0,457
48,050	-0,021	-0,457
48,100	-0,020	-0,457
48,150	-0,021	-0,457
48,200	-0,020	-0,462
48,250	-0,021	-0,463
48,300	-0,020	-0,443
48,350	-0,021	-0,365
48,400	-0,020	-0,311
48,450	-0,021	-0,254
48,500	-0,020	-0,217
48,550	-0,020	-0,197
48,600	-0,019	-0,162
48,650	-0,021	-0,128
48,700	-0,020	-0,097
48,750	-0,021	-0,069
48,800	-0,019	-0,030
48,850	-0,020	-0,007
48,900	-0,020	-0,005
48,950	-0,021	-9,048E-4
49,000	-0,019	4,722E-4
49,050	-0,020	2,000E-4
49,100	-0,020	-3,042E-4
49,150	-0,021	0,001
49,200	-0,020	0,002
49,250	-0,021	0,002
49,300	-0,020	0,002
49,350	-0,020	0,003
49,400	-0,019	6,431E-4
49,450	-0,021	-0,003
49,500	-0,020	-0,003
49,550	-0,021	-0,003
49,600	-0,020	-0,003
49,650	-0,021	-0,003
49,700	-0,020	-0,003
49,750	-0,020	-0,003
49,800	-0,020	-0,003
49,850	-0,020	-0,003
49,900	-0,020	-0,003
49,950	-0,021	-0,003
50,000	-0,020	-0,003
50,050	-0,021	-0,003
50,100	-0,020	-0,003
50,150	-0,021	-0,003
50,200	-0,020	-0,003
50,250	-0,021	-0,003
50,300	-0,020	0,003
50,350	-0,021	0,004
50,400	-0,020	0,005
50,450	-0,021	0,004
50,500	-0,020	0,004
50,550	-0,021	0,004
50,600	-0,020	0,004
50,650	-0,021	0,004
50,700	-0,020	0,004
50,750	-0,021	0,004
50,800	-0,020	0,004
50,850	-0,021	0,004
50,900	-0,020	0,004
50,950	-0,021	0,004
51,000	-0,020	0,011
51,050	-0,020	0,022
51,100	-0,020	0,025
51,150	-0,020	0,033
51,200	-0,020	0,062
51,250	-0,021	0,094
51,300	-0,020	0,109
51,350	-0,021	0,114
51,400	-0,020	0,145
51,450	-0,020	0,174
51,500	-0,020	0,200
51,550	-0,021	0,205
51,600	-0,020	0,211
51,650	-0,021	0,237
51,700	-0,020	0,281
51,750	-0,020	0,315
51,800	-0,020	0,330
51,850	-0,021	0,353
51,900	-0,020	0,381
51,950	-0,020	0,404
52,000	-0,020	0,419
52,050	-0,020	0,439
52,100	-0,020	0,481
52,150	-0,020	0,506
52,200	-0,020	0,545
52,250	-0,020	0,592
52,300	-0,020	0,634
52,350	-0,020	0,658
52,400	-0,020	0,658
52,450	-0,020	0,667
52,500	-0,019	0,676
52,550	-0,020	0,692
52,600	-0,019	0,710
52,650	-0,020	0,726
52,700	-0,019	0,742
52,750	-0,020	0,749
52,800	-0,020	0,766
52,850	-0,020	0,782
52,900	-0,019	0,798
52,950	-0,020	0,820
53,000	-0,020	0,853
53,050	-0,020	0,886
53,100	-0,019	0,911
53,150	-0,020	0,944
53,200	-0,019	0,967
53,250	-0,019	0,982
53,300	-0,019	0,983
53,350	-0,019	0,988
53,400	-0,019	0,991
53,450	-0,019	0,990
53,500	-0,019	0,990
53,550	-0,019	0,990
53,600	-0,019	0,991
53,650	-0,019	1,005
53,700	-0,019	1,045
53,750	-0,019	1,091
53,800	-0,019	1,117
53,850	-0,019	1,129
53,900	-0,019	1,192
53,950	-0,019	1,292
54,000	-0,019	1,391
54,050	-0,019	1,435
54,100	-0,019	1,482
54,150	-0,019	1,562
54,200	-0,019	1,635
54,250	-0,018	1,647
54,300	-0,019	1,702
54,350	-0,019	1,762
54,400	-0,018	1,795
54,450	-0,018	1,834
54,500	-0,018	1,893
54,550	-0,018	1,943
54,600	-0,018	1,969
54,650	-0,018	1,972
54,700	-0,018	1,984
54,750	-0,018	2,008
54,800	-0,018	2,028
54,850	-0,018	2,038
54,900	-0,018	2,044
54,950	-0,018	2,062
55,000	-0,018	2,063
55,050	-0,018	2,062
55,100	-0,018	2,063
55,150	-0,018	2,062
55,200	-0,018	2,062
55,250	-0,018	2,062
55,300	-0,018	2,062
55,350	-0,018	2,062
55,400	-0,018	2,134
55,450	-0,018	2,216
55,500	-0,018	2,293
55,550	-0,018	2,377
55,600	-0,018	2,441
55,650	-0,017	2,505
55,700	-0,018	2,569
55,750	-0,018	2,632
55,800	-0,018	2,680
55,850	-0,017	2,725
55,900	-0,018	2,756
55,950	-0,017	2,800
56,000	-0,017	2,863
56,050	-0,017	2,938
56,100	-0,017	3,007
56,150	-0,017	3,057
56,200	-0,017	3,107
56,250	-0,017	3,165
56,300	-0,017	3,217
56,350	-0,017	3,246
56,400	-0,017	3,278
56,450	-0,017	3,293
56,500	-0,017	3,304
56,550	-0,017	3,325
56,600	-0,017	3,327
56,650	-0,017	3,341
56,700	-0,017	3,352
56,750	-0,016	3,352
56,800	-0,017	3,350
56,850	-0,017	3,344
56,900	-0,017	3,344
56,950	-0,016	3,344
57,000	-0,017	3,344
57,050	-0,017	3,343
57,100	-0,017	3,345
57,150	-0,016	3,395
57,200	-0,017	3,473
57,250	-0,016	3,554
57,300	-0,017	3,608
57,350	-0,016	3,685
57,400	-0,016	3,765
57,450	-0,016	3,796
57,500	-0,016	3,811
57,550	-0,016	3,854
57,600	-0,017	3,885
57,650	-0,015	3,897
57,700	-0,016	3,918
57,750	-0,016	3,947
57,800	-0,016	4,003
57,850	-0,016	4,059
57,900	-0,016	4,097
57,950	-0,016	4,133
58,000	-0,016	4,182
58,050	-0,015	4,236
58,100	-0,016	4,277
58,150	-0,016	4,278
58,200	-0,016	4,278
58,250	-0,015	4,279
58,300	-0,016	4,316
58,350	-0,015	4,402
58,400	-0,016	4,544
58,450	-0,015	4,725
58,500	-0,015	4,775
58,550	-0,015	4,777
58,600	-0,016	4,776
58,650	-0,015	4,776
58,700	-0,016	4,777
58,750	-0,015	4,777
58,800	-0,016	4,777
58,850	-0,015	4,777
58,900	-0,016	4,777
58,950	-0,014	4,777
59,000	-0,015	4,805
59,050	-0,015	4,870
59,100	-0,015	4,945
59,150	-0,015	5,019
59,200	-0,015	5,075
59,250	-0,015	5,139
59,300	-0,015	5,210
59,350	-0,014	5,285
59,400	-0,015	5,352
59,450	-0,014	5,412
59,500	-0,015	5,461
59,550	-0,014	5,521
59,600	-0,015	5,559
59,650	-0,014	5,612
59,700	-0,014	5,667
59,750	-0,014	5,719
59,800	-0,014	5,780
59,850	-0,014	5,843
59,900	-0,014	5,912
59,950	-0,013	5,974
60,000	-0,014	6,016
60,050	-0,013	6,058
60,100	-0,014	6,106
60,150	-0,013	6,162
60,200	-0,014	6,202
60,250	-0,013	6,246
60,300	-0,014	6,256
60,350	-0,013	6,255
60,400	-0,014	6,255
60,450	-0,013	6,256
60,500	-0,014	6,256
60,550	-0,013	6,256
60,600	-0,014	6,256
60,650	-0,013	6,255
60,700	-0,014	6,261
60,750	-0,013	6,319
60,800	-0,014	6,398
60,850	-0,013	6,465
60,900	-0,014	6,527
60,950	-0,013	6,558
61,000	-0,013	6,613
61,050	-0,012	6,673
61,100	-0,014	6,711
61,150	-0,012	6,729
61,200	-0,013	6,738
61,250	-0,012	6,742
61,300	-0,014	6,744
61,350	-0,013	6,745
61,400	-0,014	6,746
61,450	-0,013	6,746
61,500	-0,013	6,747
61,550	-0,012	6,747
61,600	-0,013	6,748
61,650	-0,012	6,747
61,700	-0,013	6,748
61,750	-0,013	6,747
61,800	-0,014	6,748
61,850	-0,013	6,748
61,900	-0,014	6,748
61,950	-0,012	6,748
62,000	-0,014	6,749
62,050	-0,012	6,748
62,100	-0,013	6,749
62,150	-0,013	6,748
62,200	-0,014	6,749
62,250	-0,012	6,749
62,300	-0,014	6,749
62,350	-0,012	6,749
62,400	-0,014	6,749
62,450	-0,012	6,749
62,500	-0,014	6,749
62,550	-0,013	6,749
62,600	-0,014	6,749
62,650	-0,013	6,749
62,700	-0,014	6,749
62,750	-0,013	6,748
62,800	-0,014	6,749
62,850	-0,013	6,749
62,900	-0,014	6,750
62,950	-0,012	6,750
63,000	-0,014	6,751
63,050	-0,013	6,750
63,100	-0,014	6,751
63,150	-0,013	6,751
63,200	-0,014	6,751
63,250	-0,013	6,751
63,300	-0,014	6,752
